PGC017787 209.86 -26.09 1499692840.488711 0.3464920554123951 2.59141834822e-09 1.3031217073453778e-15 b'mm13reg_1150_test'
NGC5357 69.56 -25.3 2074662281.4477243 0.3709544269664176 4.08491643367e-09 9.39818553917283e-15 b'mm13reg_8218_test'
PGC053829 219.7 -25.79 2164191668.856835 0.3198064750635687 5.96881175595e-09 4.103573953166626e-15 b'mm13reg_3462_test'
NGC5078 29.96 -25.28 1329169561.4143317 0.947359824601927 3.01591718381e-09 8.352792300397977e-15 b'mm13reg_3977_test'
NGC2892 97.74 -25.63 964568944.8039163 0.3468766175179762 1.48312985244e-08 4.310294109886619e-15 b'mm13reg_2189_test'
NGC4382 20.78 -25.45 614442742.8493235 0.35230551883069416 5.96881175595e-09 5.360945549699537e-15 b'mm13reg_8674_test'
ESO057-068 64.61 -25.07 357817523.554075 0.490999941904496 1.09500325905e-08 1.0289707820501577e-15 b'mm13reg_1639_test'
NGC5413 137.06 -25.71 1859001511.3105867 0.9884203640112285 5.53282509203e-09 4.727076145052036e-15 b'mm13reg_5842_test'
NGC4125 25.57 -25.19 708954750.7508907 0.6489931945380798 4.08491643367e-09 4.192976887155836e-15 b'mm13reg_203_test'
UGC09518 124.49 -25.5 1649541439.246631 0.28726220350498205 6.43915417266e-09 4.720535670897388e-15 b'mm13reg_7170_test'
PGC047626 210.1 -26.03 4962133312.900561 0.47956157015468487 2.59141834822e-09 9.820455308540493e-15 b'mm13reg_4008_test'
NGC5044 36.13 -25.1 1115808616.8434534 0.7409835925540902 4.4068078831e-09 6.735735057824635e-15 b'mm13reg_2476_test'
NGC4789 119.5 -26.15 1807575157.311665 0.35201254260524273 5.53282509203e-09 5.178129230368203e-15 b'mm13reg_3047_test'
NGC5011 63.5 -25.91 1458130654.3167152 0.9845903597231842 8.72152817724e-09 9.52423272701245e-15 b'mm13reg_2791_test'
PGC017787 209.86 -26.09 1499692840.488711 0.3464920554123951 2.59141834822e-09 1.3031217073453778e-15 b'mm13reg_1150_test'
NGC5357 69.56 -25.3 2074662281.4477243 0.3709544269664176 4.08491643367e-09 9.39818553917283e-15 b'mm13reg_8218_test'
PGC053829 219.7 -25.79 2164191668.856835 0.3198064750635687 5.96881175595e-09 4.103573953166626e-15 b'mm13reg_3462_test'
NGC5078 29.96 -25.28 1329169561.4143317 0.947359824601927 3.01591718381e-09 8.352792300397977e-15 b'mm13reg_3977_test'
NGC2892 97.74 -25.63 964568944.8039163 0.3468766175179762 1.48312985244e-08 4.310294109886619e-15 b'mm13reg_2189_test'
NGC4382 20.78 -25.45 614442742.8493235 0.35230551883069416 5.96881175595e-09 5.360945549699537e-15 b'mm13reg_8674_test'
ESO057-068 64.61 -25.07 357817523.554075 0.490999941904496 1.09500325905e-08 1.0289707820501577e-15 b'mm13reg_1639_test'
NGC5413 137.06 -25.71 1859001511.3105867 0.9884203640112285 5.53282509203e-09 4.727076145052036e-15 b'mm13reg_5842_test'
NGC4125 25.57 -25.19 708954750.7508907 0.6489931945380798 4.08491643367e-09 4.192976887155836e-15 b'mm13reg_203_test'
UGC09518 124.49 -25.5 1649541439.246631 0.28726220350498205 6.43915417266e-09 4.720535670897388e-15 b'mm13reg_7170_test'
PGC047626 210.1 -26.03 4962133312.900561 0.47956157015468487 2.59141834822e-09 9.820455308540493e-15 b'mm13reg_4008_test'
NGC5044 36.13 -25.1 1115808616.8434534 0.7409835925540902 4.4068078831e-09 6.735735057824635e-15 b'mm13reg_2476_test'
NGC4789 119.5 -26.15 1807575157.311665 0.35201254260524273 5.53282509203e-09 5.178129230368203e-15 b'mm13reg_3047_test'
NGC5011 63.5 -25.91 1458130654.3167152 0.9845903597231842 8.72152817724e-09 9.52423272701245e-15 b'mm13reg_2791_test'
