0.005672320068981571 -1.4301576956691935 1.91325899899e-09 1.1630487099860402e-15 hr04reg_2918_test 1426474310.4372344 0.327071404212322 180.86 -25.81 1.2395820003433183e-05 2169.0 3148190380.089286 0.09990843147680672 11337824.105661279 0.2619935419841071
4.3307378328510895 1.4405598580110797 1.41257006987e-09 1.6795005920752862e-15 hr04reg_1375_test 1609306096.9511447 0.4405456641900953 105.83 -26.13 9.665004095043445e-06 267.0 3441578784.0799413 0.1273001373869171 9273390.439412279 0.29197469375319784
3.9250884081025674 1.4206980111233845 2.33789403848e-08 1.1971752529248443e-15 hr04reg_9883_test 483529062.14223826 0.855924299438816 155.14 -25.35 2.4807542408126963e-05 2316.0 2691511992.6357603 0.07093429564920546 68801620.836954 0.21762522365751225
4.061974581336483 1.4391286880244445 2.59141834822e-09 1.0835574141564092e-15 hr04reg_4835_test 825587779.1910222 0.767758106192579 97.31 -25.45 5.0527963140906945e-06 503.0 2575984829.45076 0.07418996256623239 28207475.113180503 0.20681525115664065
4.636606784263097 -1.518960048010665 1.41257006987e-09 1.0914616301845255e-15 hr04reg_5926_test 1957553490.904777 0.34958052964217967 193.1 -25.69 2.0030564156049995e-06 2583.0 2883397594.7048798 0.08957548722930417 6690320.289464744 0.2359418212122124
1.4876837478149265 -1.4332469284452234 1.41257006987e-09 1.6843799710989233e-15 hr04reg_9397_test 1232312276.2424471 0.3137452523256719 68.2 -25.12 2.1664971521365012e-06 277.0 2707379314.9324856 0.06220977326165632 14468883.335216466 0.2191225511262885
1.3944657124659097 -1.3566269742826724 3.01591718381e-09 1.821192752894089e-15 hr04reg_5750_test 897011291.2713639 0.5380533614280296 73.26 -25.72 8.779082799855714e-06 140.0 3036925812.4051185 0.09307754922998634 24564416.74231675 0.25093412943761173
4.667778364703715 1.257003580578836 5.12868469481e-09 1.4304201075679512e-15 hr04reg_3411_test 815796453.6271436 0.4777033295346517 109.1 -25.51 3.443538040427485e-05 642.0 2818130254.824668 0.07944782746990497 28773980.9228944 0.2296600404952435
1.50203035426632 1.319835433650632 1.41257006987e-09 1.0601839894083903e-15 hr04reg_232_test 1431402929.3589146 0.29813771798636385 109.13 -25.05 8.117904459130155e-06 1236.0 2804425308.7309737 0.06066559695187315 11272834.654378226 0.2283477991888332
6.009063894861357 -0.6363994051546924 5.53282509203e-09 1.314004311187025e-14 hr04reg_7042_test 1198751193.184886 0.7167311194584594 24.82 -25.18 1.9173096287712485e-06 13.0 2409277135.059128 0.06174943439661741 15150299.523646532 0.19149439756499878
4.505026411955244 -0.15924384095196265 4.75406438146e-09 4.6748126287467606e-15 hr04reg_6983_test 1821335632.5184698 0.5031295396111509 126.53 -25.84 9.329504619590086e-06 619.0 2897078964.045543 0.09873236403847546 7544891.511929019 0.23726547114644347
3.332130248030014 0.2016378884829049 1.64396240769e-09 1.5808294568983562e-14 hr04reg_8026_test 1960395987.113734 0.584893251735977 20.78 -25.86 2.368155326365078e-06 3.0 2849453010.3898163 0.09944666215249756 6674160.274427352 0.23266802908596154
4.906033260893461 1.425707106076608 8.08447173623e-09 1.0965695527812065e-15 hr04reg_2866_test 857880695.284879 0.5938825920509551 213.39 -25.62 1.0716579076937466e-05 3941.0 2866082210.69685 0.08554954062850784 26460100.005146686 0.23427000932507436
1.9865512079124659 -1.3424898073415183 1.41257006987e-09 1.2721633729574089e-15 hr04reg_1231_test 1115469793.734383 0.36910736311245856 84.29 -25.05 7.248293739640745e-06 568.0 2666458452.50293 0.05945912580490412 17082048.444372214 0.2152672856756583
5.864847338769065 -1.3993177277864537 2.06402382425e-09 1.3483878923445185e-15 hr04reg_4487_test 1430511196.2461336 0.40470399280344876 162.46 -25.79 1.4155453113230407e-05 2116.0 3009139281.4826756 0.09694533221488155 11284548.938273069 0.24819794299571807
4.32764860007506 -1.4827968259093425 1.41257006987e-09 1.1454933731465644e-15 hr04reg_5644_test 2212675851.840733 0.8171890333251155 187.1 -26.04 8.836370982655457e-06 1668.0 2926649137.8228025 0.11297872961488145 5454730.680394826 0.24013451672066038
0.2522698900832604 0.5297423345653189 3.01591718381e-09 1.2253151584459281e-14 hr04reg_7287_test 2763612786.170957 0.8045964442834167 70.27 -26.3 3.7651028854803117e-06 47.0 3180681346.9503546 0.1385304181306673 3765658.9511215757 0.26525459989433786
2.2913380551882354 -0.5898340207114837 6.94655957578e-09 9.423517637184603e-15 hr04reg_1959_test 1026439738.2060705 0.692119865263585 30.14 -25.71 2.0770183492917864e-05 11.0 2844610755.5213532 0.090270871415387 19622177.999674965 0.23220220689229334
3.085759570818494 1.5549661904793082 7.49394852894e-09 1.299904009753901e-15 hr04reg_1575_test 568976437.6364152 0.7111873954825237 87.09 -25.47 1.35546350102936e-05 364.0 2831177814.030164 0.07767508296451389 52458093.562218405 0.23091152074947346
1.3944657124659097 -1.3566269742826724 1.01501969826e-08 1.1097335613953641e-15 hr04reg_8979_test 414988756.29310554 0.6536894576487066 73.26 -25.72 5.00199270339081e-05 140.0 3747191016.94505 0.1022531731648271 88765136.0241853 0.32454511352879456
3.7543428473799625 -0.1629090323811507 3.50995294366e-09 7.562546524491377e-15 hr04reg_405_test 3543090549.3963404 0.34191043000140825 191.23 -26.09 2.6647181965157406e-06 1540.0 3259892013.364224 0.12137535171327937 2488852.8509211973 0.2732656617045637
3.743678885650277 1.3983054368202972 1.41257006987e-09 1.3326317014627436e-15 hr04reg_9703_test 1910832384.754415 0.31892083443544966 197.43 -25.65 1.8147970273927949e-06 3515.0 2893087740.620365 0.08746600454948458 6965174.231097249 0.23687907445173503
3.4949345606560454 1.4028083862904424 1.77350665928e-09 1.1778632328316588e-15 hr04reg_4166_test 1285467634.521589 0.4851797753422622 143.09 -25.24 6.294909857652761e-06 2180.0 2480253784.812049 0.06458175769203231 13485520.979111983 0.19797781256897864
4.440711029019252 -0.03139847324337799 3.78653726523e-09 4.463981338298883e-15 hr04reg_1958_test 2084966803.2520018 0.9629875943399128 139.27 -25.44 2.415038896548049e-06 2245.0 2428837951.873735 0.0723363681969923 6022882.613796447 0.19327540969688722
4.32764860007506 -1.4827968259093425 1.41257006987e-09 1.2657365954891444e-15 hr04reg_886_test 1996725316.8522496 0.720517522387601 187.1 -26.04 6.5692287100777296e-06 1668.0 2988284938.0912356 0.11378057040362338 6473002.36411029 0.24615104996571274
2.2607424334007753 -1.3232039191069809 3.50995294366e-09 1.0100415404470012e-15 hr04reg_613_test 974382504.4636877 0.8812135064783714 165.3 -25.26 1.767395900111706e-05 3130.0 2364685930.5655284 0.06433251240170562 21400331.991880268 0.18745067846486815
4.3307378328510895 1.4405598580110797 4.08491643367e-09 2.1600910510782717e-15 hr04reg_3857_test 1116082756.8984725 0.3764468529515467 105.83 -26.13 3.6882724922372557e-06 267.0 3895622424.6111393 0.13450369609238866 17066415.27048942 0.3408897388671659
0.2924997293417297 -1.4016390156916063 1.41257006987e-09 2.207541119835731e-15 hr04reg_6317_test 1587845768.1822548 0.5255188296613306 72.1 -25.4 4.028428085712885e-06 214.0 2493836718.537708 0.0711918580938165 9483218.996813893 0.19922519306434075
4.835853571670769 -1.346678597546305 1.41257006987e-09 1.6132681145664024e-15 hr04reg_9125_test 2424073783.7026286 0.7293630110755706 179.56 -26.1 6.217540231107955e-06 1373.0 3001561285.615169 0.11860990458986065 4685183.249331139 0.24745348730341793
4.835853571670769 -1.346678597546305 1.41257006987e-09 1.194232617152552e-15 hr04reg_1306_test 1832763901.0965586 0.7550891770220484 179.56 -26.1 2.3068745540454913e-06 1373.0 3086638101.8567066 0.119761840196597 7466643.842507789 0.25585489640383224
4.3307378328510895 1.4405598580110797 2.06402382425e-09 1.0603567263501366e-15 hr04reg_221_test 962008233.7446386 0.29135382756100436 105.83 -26.13 2.196552065571057e-05 267.0 4319818015.796806 0.14200693599492004 21861082.230465762 0.38964729840374956
4.805816455243947 -1.3366255010548174 1.64396240769e-09 1.2046612916959891e-15 hr04reg_108_test 964328039.1895303 0.3811740220120497 81.25 -25.36 4.4656748297878394e-05 326.0 2644183035.9552474 0.07090305437160763 21773503.490129437 0.2131771905506847
2.6040312439755393 -1.145389774913799 1.41257006987e-09 1.434789627437679e-15 hr04reg_1629_test 1330873922.7902377 0.5299090836899149 86.67 -25.26 8.47669365282915e-06 461.0 2445167883.270739 0.06503632568947296 12727451.39423529 0.19476561403204473
5.672250255811491 1.3692107981895516 3.78653726523e-09 1.906421753394305e-15 hr04reg_6857_test 1332413699.5418987 0.7103989430228956 152.47 -25.27 8.051604626228038e-06 2606.0 2372000400.3964577 0.064779871971781 12702947.138441565 0.18811244044009393
4.805816455243947 -1.3366255010548174 6.76079861922e-08 1.007367330462442e-15 hr04reg_5488_test 197792132.96849453 0.7064697730360362 81.25 -25.36 0.00011988350598300965 326.0 3814065972.695002 0.08375676690824449 305225829.9381533 0.33186516952971146
4.3307378328510895 1.4405598580110797 1.41257006987e-09 1.952278476642695e-15 hr04reg_1222_test 2084655184.571314 0.951045004082626 105.83 -26.13 4.375282438464544e-06 267.0 3016412413.934848 0.12122709547995053 6024383.210685348 0.24891315445342316
4.694097929823789 1.0927855512586897 2.72086319425e-08 1.0176825770350534e-15 hr04reg_7749_test 356020445.8702037 0.34191043000140825 118.47 -25.8 3.956969171671307e-05 593.0 4939057463.513036 0.12745840187921886 114598273.17100921 0.4669043315796863
3.271532416400771 0.13962634015954636 5.12868469481e-09 1.1292482092153098e-14 hr04reg_9468_test 1025797948.8090547 0.7050997038880196 20.78 -26.2 1.732245004741071e-05 1.0 3757299236.4375634 0.13836198642549102 19642643.25788053 0.3256469868016184
