1.3944657124659097 -1.3566269742826724 1.41257006987e-09 1.0940582901578173e-15 mm13reg_2065_test 1040227224.9687756 0.45456941231342607 73.26 -25.72 2.0282668706741835e-05 140.0 3016825595.100931 0.09283952489203857 19190632.10034449 0.2489538048636658
3.6523807124784535 -1.30812427436975 2.33789403848e-08 3.596499503488545e-15 mm13reg_1366_test 1069128245.8477931 0.5159878792886623 194.77 -25.54 1.6207584111154016e-05 3800.0 2703424447.2696695 0.07971969446695426 18333834.240853008 0.21874906654985446
4.451671696721777 -1.4320950111389072 1.41257006987e-09 1.4180782869266355e-15 mm13reg_7123_test 2728417111.766331 0.6328203825812017 186.66 -25.95 3.89880073885174e-06 2271.0 2874014604.965375 0.10578811990817644 3846966.154168007 0.23503541351471818
4.805816455243947 -1.3366255010548174 1.41257006987e-09 3.1701542719435187e-15 mm13reg_587_test 1834939530.0428479 0.4636082663603938 81.25 -25.36 5.133253587135245e-06 326.0 2517332656.764334 0.06970757260966969 7451894.741232887 0.20138800709481802
0.2924997293417297 -1.4016390156916063 1.64396240769e-09 1.685869093957602e-15 mm13reg_991_test 1109042217.804177 0.8019233808874565 72.1 -25.4 1.1365855126482456e-05 214.0 2428513021.3679914 0.07058379980796951 17247368.479432356 0.19324578999290132
4.835853571670769 -1.346678597546305 1.41257006987e-09 1.4759745638239125e-15 mm13reg_4514_test 2160960002.4701247 0.5119968507145632 179.56 -26.1 7.379994687405372e-06 1373.0 3159996530.8087773 0.12077349178502658 5674031.71369911 0.26317683980282913
3.271532416400771 0.13962634015954636 6.43915417266e-09 1.2770718119225492e-14 mm13reg_6745_test 1012179970.5288429 0.6307180006816622 20.78 -26.2 3.508408772169368e-05 1.0 3840909071.8406296 0.1397626943267843 20085072.698433377 0.33482354953453114
5.902860609877502 -1.398933755351015 1.41257006987e-09 1.126872139184438e-15 mm13reg_8425_test 1668511929.3338459 0.5407458542220357 168.47 -25.11 5.530734026191526e-06 3893.0 2555777590.9943066 0.06053687340728016 8731471.610930154 0.20494084011108626
4.805816455243947 -1.3366255010548174 2.22666891901e-09 1.1783708575801497e-15 mm13reg_1868_test 838726000.9120473 0.5343360144831508 81.25 -25.36 2.2036464409149348e-05 326.0 2567672543.350826 0.07017793835685704 27474900.5317292 0.2060436235758513
4.061974581336483 1.4391286880244445 1.41257006987e-09 1.0623157097705348e-15 mm13reg_4294_test 1118534397.9589934 0.517133876709962 97.31 -25.45 1.354785698063773e-05 503.0 2586920405.0846186 0.07429639081413184 17004116.266006526 0.20783165183752667
2.8238031033866657 1.2712978271526698 2.79562213592e-09 1.1541361576903554e-15 mm13reg_6817_test 492771252.5685132 0.9886945051571424 40.53 -25.1 4.704673595053957e-05 45.0 2560118508.2827134 0.060230879332735535 66664408.99077627 0.20534309356087133
3.248110097839007 -1.3236577047124995 3.01591718381e-09 1.1856173389000248e-15 mm13reg_3711_test 1235971131.5731487 0.7109902003666003 192.51 -25.56 1.348852482255477e-05 3175.0 2585690505.7882276 0.07950401577281704 14397566.54735781 0.2077172669708076
4.89095361615623 -1.3251761411617347 1.41257006987e-09 1.0510649141192897e-15 mm13reg_6944_test 1568321152.7405748 0.3973641726993507 178.33 -25.9 1.227826057116917e-05 1945.0 3132388644.028366 0.10561262064465009 9680801.301990358 0.2604127416639522
1.5115074921046492 1.1058231607710873 2.59141834822e-09 1.3031217073453778e-15 mm13reg_1150_test 1499692840.488711 0.3464920554123951 209.86 -26.09 1.5137642641230396e-05 2578.0 3563616577.961331 0.1258438075466057 10430355.467615599 0.30481100521456017
0.2924997293417297 -1.4016390156916063 1.41257006987e-09 1.0856730054381539e-15 mm13reg_7354_test 881805600.1314843 0.6668726081625214 72.1 -25.4 2.2595403056793375e-05 214.0 2529743413.1253147 0.07152986108403597 25274440.598415975 0.2025330284011156
3.329616973907142 -0.7218507253323347 1.41257006987e-09 2.1263615542662634e-14 mm13reg_1428_test 5846177596.297196 0.284724299252636 57.72 -25.43 1.0048643355822244e-06 96.0 3777591787.5551863 0.08665851105835033 1080230.1615928847 0.3278639122023274
0.005672320068981571 -1.4301576956691935 1.41257006987e-09 1.2688282487042937e-15 mm13reg_343_test 1823293966.3672361 0.5627765526073517 180.86 -25.81 8.009240594365732e-06 2169.0 2823919918.0619793 0.09598202478670376 7531390.191277834 0.23021510095481548
2.183790866680345 -1.4221466344025395 1.91325899899e-09 1.203349228337132e-15 mm13reg_1351_test 1417336640.081386 0.37478024733523607 172.97 -25.68 8.661969495060647e-06 2258.0 2905543142.022979 0.08926508782952952 11459911.993137702 0.23808556056978064
4.89095361615623 -1.3251761411617347 1.41257006987e-09 1.1807280129765764e-15 mm13reg_8170_test 2272588678.611919 0.4490565352776331 178.33 -25.9 6.0335157284616975e-06 1945.0 2962621024.4129763 0.10346249566120869 5217169.0398632735 0.2436399002073461
0.4246735135952603 1.3458233862128275 1.41257006987e-09 1.0222531952548579e-15 mm13reg_6210_test 1797197367.130857 0.45938496812522517 196.94 -25.6 6.291356502301056e-06 3077.0 2693099913.38801 0.08263830398291726 7714539.675541111 0.21777492918622118
5.856068332631534 -1.399788966684492 1.41257006987e-09 1.0992859620963431e-15 mm13reg_7378_test 1887988619.8195052 0.3390777296591604 166.86 -25.42 5.233512907749194e-06 2858.0 2683117188.7593217 0.0738894470954437 7106198.79697643 0.21683429030465434
3.977971884437996 1.3157164566159254 3.01591718381e-09 2.0404860934041723e-15 mm13reg_1756_test 1184594875.4106882 0.28088151864931754 103.33 -25.2 1.0182657023559514e-05 952.0 2721810985.7224507 0.06524803326374388 15453252.132099448 0.2204870780781745
3.6477032300831085 -0.5295503483475995 4.08491643367e-09 9.39818553917283e-15 mm13reg_8218_test 2074662281.4477243 0.3709544269664176 69.56 -25.3 4.262817972098444e-06 234.0 2608369783.949513 0.06808752909786894 6072822.96748702 0.20982938120503333
3.7300129576071615 0.054646258879942455 6.43915417266e-09 4.55243582341795e-15 mm13reg_5580_test 1509578306.0847263 0.3803293191875677 116.3 -25.75 9.672839241965668e-06 1047.0 2964740823.9726496 0.09399167510738025 10316765.592674835 0.24384698877677213
1.4876837478149265 -1.4332469284452234 1.41257006987e-09 1.188303542187031e-15 mm13reg_6343_test 966931145.2059665 0.42730990704106026 68.2 -25.12 1.2320104502887618e-05 277.0 2586635504.9575863 0.0611491416053147 21675895.953168564 0.20780514959397345
0.2924997293417297 -1.4016390156916063 1.41257006987e-09 1.178671687667038e-15 mm13reg_9350_test 948356966.2896304 0.7281504432319194 72.1 -25.4 1.891211988328435e-05 214.0 2485067445.923655 0.0711097180078574 22388065.828941308 0.1984196236557813
0.05009094953223726 1.3914986527375193 4.4068078831e-09 1.0934483721819811e-15 mm13reg_6772_test 888748015.3655875 0.37239742001618686 153.0 -25.06 1.573641740759758e-05 4011.0 2669438092.686675 0.05981802182740677 24946247.867135666 0.21554731041794872
3.9486154464194514 0.28518679977587347 5.96881175595e-09 4.103573953166626e-15 mm13reg_3462_test 2164191668.856835 0.3198064750635687 219.7 -25.79 6.372228654772721e-06 3317.0 3017300230.5788307 0.09704404820040263 5659917.553263996 0.249000510865248
0.2924997293417297 -1.4016390156916063 1.41257006987e-09 1.3041363076299688e-15 mm13reg_9940_test 1239418674.7157772 0.8922791992603963 72.1 -25.4 1.1509266182628935e-05 214.0 2394947570.6109023 0.07027475598637475 14330881.796676476 0.19019246839022938
4.3307378328510895 1.4405598580110797 1.91325899899e-09 1.0341489718055043e-15 mm13reg_4142_test 977561345.7329605 0.9745394942361303 105.83 -26.13 3.2339718318235985e-05 267.0 3487973218.65679 0.1280004607344956 21284474.823647115 0.2968285873590641
1.3944657124659097 -1.3566269742826724 2.79562213592e-09 1.9309030337030288e-15 mm13reg_4178_test 962289252.4704342 0.6504345937593309 73.26 -25.72 2.5470128870884445e-05 140.0 2915933895.8346677 0.09166123255207394 21850443.060350817 0.23909357651001914
5.719339239030298 -1.2275598760976918 2.22666891901e-09 1.0190411162698806e-15 mm13reg_2043_test 596089967.3005213 0.77010369555028 52.83 -25.15 3.060391319478729e-05 109.0 2536504951.0393214 0.0617695290075498 48541883.002991274 0.20315761047434713
5.719339239030298 -1.2275598760976918 2.40213044861e-09 1.4268080706899484e-15 mm13reg_3594_test 713038686.2341542 0.5742854709278247 52.83 -25.15 2.451210351196709e-05 109.0 2551497858.136395 0.061899571531159374 36012047.76696662 0.20454447136324488
0.23959879971378156 1.3982007170651773 3.50995294366e-09 1.2769157771497006e-15 mm13reg_3097_test 1123797690.9721029 0.4332761325876393 163.59 -25.35 1.4626594739281673e-05 3240.0 2545791701.1162076 0.06955416728369684 16871592.630824752 0.20401633234963984
1.974525889366225 -1.4673332087366728 1.41257006987e-09 2.2790695188798687e-15 mm13reg_4093_test 1751757479.4547544 0.5765194109562781 72.03 -25.03 5.704818971313028e-06 377.0 2618781382.1157165 0.05839530878261617 8050935.345317292 0.2108010675703511
3.4949345606560454 1.4028083862904424 6.94655957578e-09 1.6284393563340222e-15 mm13reg_5114_test 915268006.3242092 0.27548162656753583 143.09 -25.24 2.0083043790329802e-05 2180.0 2758432426.4966216 0.06711611508917335 23753220.685524054 0.22396116392508114
3.085759570818494 1.5549661904793082 1.41257006987e-09 1.8623596702600928e-15 mm13reg_6935_test 1870750490.929827 0.49868449051495856 87.09 -25.47 6.2547011256012665e-06 364.0 2565297954.9640226 0.07499934697530593 7215667.73361196 0.2058233373029011
2.7215791690973576 1.3765935409254877 1.41257006987e-09 1.164904405013355e-15 mm13reg_9547_test 1651720163.256686 0.8955017481208266 164.33 -25.39 7.832264323451404e-06 2706.0 2379997515.7128468 0.0697108963950881 8879915.96156181 0.18883665330615249
4.3307378328510895 1.4405598580110797 1.52388060329e-09 1.4618092498217499e-15 mm13reg_5358_test 1312207190.628467 0.27236717045907455 105.83 -26.13 2.0985124290270797e-05 267.0 3957484901.8821273 0.1355486855763548 13030636.129896956 0.3478078702073225
3.4016292588444283 0.4879766055650946 2.22666891901e-09 2.4814672540711112e-14 mm13reg_6077_test 6226757847.609933 0.587983171318765 107.0 -26.29 1.7301747308955527e-06 251.0 3280178981.144181 0.1390836814660188 972447.9052172254 0.27533143849955954
4.3307378328510895 1.4405598580110797 2.06402382425e-09 1.2729595114172588e-15 mm13reg_9479_test 1048428176.3220569 0.306521210159265 105.83 -26.13 3.075598565262308e-05 267.0 4144335339.2911134 0.13880500780454613 18941098.666918736 0.36909609758712514
1.3944657124659097 -1.3566269742826724 1.41257006987e-09 2.42460668116048e-15 mm13reg_2235_test 1695449440.2131617 0.4148167654692882 73.26 -25.72 7.468855317131013e-06 140.0 2857878171.041001 0.09099541739086436 8501487.11583563 0.23347922928411438
3.4899254657028216 -0.4783947479716457 3.01591718381e-09 8.352792300397977e-15 mm13reg_3977_test 1329169561.4143317 0.947359824601927 29.96 -25.28 1.0466785689473738e-05 18.0 2326073969.8014174 0.06476735595880721 12754663.180778278 0.18396736069172265
4.0316756655218615 1.2175765927762843 2.06402382425e-09 1.0467945901089661e-15 mm13reg_5636_test 1249307650.4155107 0.36412570675494477 172.2 -25.1 7.764569808951414e-06 4535.0 2652405845.3107157 0.06102841940436979 14142319.373413842 0.21394803688977412
1.3944657124659097 -1.3566269742826724 1.41257006987e-09 1.1457156759544852e-15 mm13reg_4924_test 992508110.2955226 0.8439041365906562 73.26 -25.72 2.0690186672453306e-05 140.0 2816813184.3190255 0.09052973583584009 20752935.323350694 0.22953382522956653
5.864847338769065 -1.3993177277864537 1.91325899899e-09 1.150851877455345e-15 mm13reg_6365_test 1349636635.7578511 0.3710573122117983 162.46 -25.79 1.4041189894561738e-05 2116.0 3078527505.6678233 0.09779060493945602 12433924.006114177 0.25504982326705067
4.89095361615623 -1.3251761411617347 2.40213044861e-09 1.2021783319535878e-15 mm13reg_8793_test 1334277023.8154542 0.36910736311245856 178.33 -25.9 1.5371007012067795e-05 1945.0 3261609352.599585 0.10730685513038077 12673394.692524908 0.27344031178252515
4.889906418605033 -0.7256031832241225 4.08491643367e-09 1.2219001316661699e-14 mm13reg_8910_test 2815752562.3652544 0.5152729208954383 87.61 -25.7 4.159933168802025e-06 259.0 2755968096.8870854 0.08871203924964055 3650162.1696815854 0.2237268675857619
1.974525889366225 -1.4673332087366728 2.22666891901e-09 1.2490450975646187e-15 mm13reg_9012_test 815189539.2927107 0.3715721666296706 72.03 -25.03 1.9085307817278524e-05 377.0 2692481657.4919763 0.059023680915050586 28809693.834106117 0.21771664304759591
2.6040312439755393 -1.145389774913799 1.41257006987e-09 1.1865425583063356e-15 mm13reg_3018_test 1269043758.5626214 0.48370201004365343 86.67 -25.26 1.0132041506623089e-05 461.0 2473367304.8796573 0.06528591458057018 13777655.159299895 0.19734621444354705
2.499678007998799 1.1801392803210058 1.48312985244e-08 4.310294109886619e-15 mm13reg_2189_test 964568944.8039163 0.3468766175179762 97.74 -25.63 2.2733013267944354e-05 411.0 3054600641.108138 0.08821392884542337 21764440.853796024 0.25267990473995033
1.3944657124659097 -1.3566269742826724 1.41257006987e-09 1.792852783942514e-15 mm13reg_9566_test 1314685953.708634 0.8117682548479851 73.26 -25.72 1.2427553582610705e-05 140.0 2711032699.1041493 0.08934988266784685 12989714.372658357 0.2194677448097439
1.3944657124659097 -1.3566269742826724 1.41257006987e-09 1.0433659620827892e-15 mm13reg_1013_test 1005533791.4807321 0.26891479655331346 73.26 -25.72 2.3125262038634894e-05 140.0 3332885414.302624 0.09671398191720483 20306817.072808202 0.2807254926286583
3.252421061091433 0.31749284423028845 5.96881175595e-09 5.360945549699537e-15 mm13reg_8674_test 614442742.8493235 0.35230551883069416 20.78 -25.45 4.41863000269642e-05 5.0 3059552368.518272 0.07915697870124437 46149529.15784691 0.25316973651619795
1.5876911139542018 -1.2143477336600947 1.09500325905e-08 1.0289707820501577e-15 mm13reg_1639_test 357817523.554075 0.490999941904496 64.61 -25.07 7.543159356501514e-05 264.0 2969573353.6213884 0.06284914504866382 113640629.38372278 0.24431931752671862
4.835853571670769 -1.346678597546305 7.29354960744e-08 1.3760873242756535e-15 mm13reg_7796_test 364753880.1886234 0.28409333437599554 179.56 -26.1 0.00023670493800391525 1373.0 6808693871.267606 0.20628889534526243 110061756.3272839 0.7596052008089105
4.451671696721777 -1.4320950111389072 1.41257006987e-09 1.251988243740753e-15 mm13reg_6996_test 2245329447.0221124 0.2743380815655973 186.66 -25.95 7.083490725999968e-06 2271.0 3278830356.8801074 0.11104064849041567 5323159.99409181 0.2751939374823286
1.3944657124659097 -1.3566269742826724 2.59141834822e-09 1.1940602475498677e-15 mm13reg_8724_test 751738150.2082368 0.48612252122312505 73.26 -25.72 3.198487906743629e-05 140.0 3225886944.4294715 0.09537019144752987 32975545.464268595 0.26981588575266163
3.6559935440300824 1.1329106707620393 5.53282509203e-09 4.727076145052036e-15 mm13reg_5842_test 1859001511.3105867 0.9884203640112285 137.06 -25.71 6.420904679824245e-06 1067.0 2600662715.2118754 0.08758413781176962 7291833.357253369 0.20911093181819598
0.4246735135952603 1.3458233862128275 1.41257006987e-09 1.9231529652097214e-15 mm13reg_4479_test 3005365662.1908255 0.3462999342673456 196.94 -25.6 3.108547635509259e-06 3077.0 2893192658.897795 0.08479225957168472 3274468.1685879976 0.23688923142444318
4.805816455243947 -1.3366255010548174 1.41257006987e-09 1.1329029095822315e-15 mm13reg_2411_test 1127225586.6724033 0.29665322457595283 81.25 -25.36 1.3919099440130406e-05 326.0 2715118859.9149632 0.0715865726597909 16786168.417330798 0.21985401540279165
3.085759570818494 1.5549661904793082 1.41257006987e-09 3.1267876018714046e-15 mm13reg_1568_test 2508899836.607715 0.694234371091816 87.09 -25.47 4.067851480108626e-06 364.0 2530007579.3315077 0.07465603361937236 4424159.417810134 0.20255742298904464
3.1769355709426783 1.1375008866947844 4.08491643367e-09 4.192976887155836e-15 mm13reg_203_test 708954750.7508907 0.6489931945380798 25.57 -25.19 2.4387812034882673e-05 15.0 2515631887.5944996 0.06302931610953572 36358457.040272854 0.20123123316686048
1.8571175905845663 -1.5156613757243955 1.41257006987e-09 2.0253471962340015e-15 mm13reg_4506_test 3354863444.4843135 0.29921446993143286 181.37 -25.21 2.2368431210946237e-06 3935.0 3163170778.0624657 0.0699099281276187 2725910.300094216 0.2634953082470533
1.974525889366225 -1.4673332087366728 1.52388060329e-09 2.0773133315630072e-15 mm13reg_4013_test 1260345872.0233047 0.620826675164417 72.03 -25.03 9.987052891291488e-06 377.0 2518733910.265664 0.05755894824501047 13936489.788968747 0.20151719683332656
4.936716149143521 1.3492965914242963 1.41257006987e-09 1.0412460508427764e-15 mm13reg_4947_test 2127665467.4434397 0.2794054537766254 214.16 -25.56 5.024888985707769e-06 4106.0 2894503589.6644096 0.08274316045463795 5822784.691428148 0.23701612368699362
5.20170948947382 -0.537997741927252 5.53282509203e-09 5.9729343759729225e-15 mm13reg_2352_test 1614534209.9373379 0.5138459746986052 88.53 -25.36 6.5929637971450824e-06 402.0 2472937180.5307536 0.06929710103453206 9223396.67782374 0.19730678024095488
3.867492542786755 0.5721189288037413 6.43915417266e-09 4.720535670897388e-15 mm13reg_7170_test 1649541439.246631 0.28726220350498205 124.49 -25.5 9.477827592392319e-06 1028.0 2818500867.144243 0.0789689576917961 8899472.308384037 0.22969555906972014
1.4876837478149265 -1.4332469284452234 3.01591718381e-09 2.078840277123246e-15 mm13reg_4766_test 954040383.9205364 0.43279578432133586 68.2 -25.12 1.5936144154443558e-05 277.0 2583702290.570737 0.06112373512816732 22166223.553191032 0.20753239710485918
4.411232417953069 1.4237523373143743 1.41257006987e-09 1.0017117452654094e-15 mm13reg_2470_test 1430874563.7259738 0.6008401017162861 162.37 -25.61 1.0072385081720674e-05 3124.0 2647431326.836256 0.08267720593545433 11279773.198195552 0.2134816028323971
3.4135673109280695 1.3160480691738041 1.41257006987e-09 1.0717818996567336e-15 mm13reg_1088_test 1457333123.8606544 0.7457248604909851 132.6 -25.51 9.86512415907963e-06 1042.0 2499321696.514675 0.07622205386510739 10940527.099083943 0.19972951094839136
3.544885883848123 -0.5783323009408411 2.59141834822e-09 9.820455308540493e-15 mm13reg_4008_test 4962133312.900561 0.47956157015468487 210.1 -26.03 1.7309083298419434e-06 3470.0 3136440401.5366187 0.11499543888878415 1419674.9738968678 0.26081775897980236
4.322936211094675 1.423211285246256 2.59141834822e-09 1.0022705534694309e-15 mm13reg_7872_test 1102154774.8092852 0.49661441359629754 163.01 -26.03 2.202348617462245e-05 1345.0 3494104209.5393157 0.12003657182722238 17427375.772726793 0.297472396336352
1.8106918324815173 1.4131232821697288 2.40213044861e-09 1.535338320443729e-15 mm13reg_4927_test 1148417516.5722375 0.587983171318765 109.89 -25.15 1.1648590979794376e-05 1050.0 2466048068.0902996 0.061164234236006663 16273087.499399818 0.19667552783950412
3.743678885650277 1.3983054368202972 2.06402382425e-09 1.2987965916911964e-15 mm13reg_2216_test 1546685856.2326157 0.8530807125316175 197.43 -25.65 8.967856475580395e-06 3515.0 2590323491.732896 0.08418668892719536 9907546.429323478 0.20814823609240246
4.3307378328510895 1.4405598580110797 1.41257006987e-09 2.835490862285383e-15 mm13reg_6255_test 2456803120.305791 0.9895173848821139 105.83 -26.13 6.084834481884034e-06 267.0 2964821637.824182 0.12053023638262068 4581619.811491349 0.2438548825711573
5.071438114104963 -1.3483366603356994 9.40878467117e-09 1.0596712922225914e-15 mm13reg_9335_test 605612373.3278315 0.30196526072886687 138.66 -25.13 3.486108848245635e-05 2762.0 2875625799.5013356 0.06409596963923081 47276473.48805228 0.2351909720605317
5.315923835724329 -1.236722854670662 2.59141834822e-09 1.0119037867728754e-14 mm13reg_652_test 2343833289.3672547 0.41608407841933426 59.43 -26.19 7.072274935106752e-06 38.0 3352833740.745829 0.13109644933714407 4955549.014519281 0.2827773213330101
5.719339239030298 -1.2275598760976918 2.40213044861e-09 1.018240576888912e-15 mm13reg_2447_test 577151212.4807361 0.5784411318727855 52.83 -25.15 3.5093403595301376e-05 109.0 2629969009.624294 0.06258740810280539 51225588.03159943 0.21184662229984164
3.3350100412958046 -0.7109075109223303 3.78653726523e-09 6.5500635271178595e-15 mm13reg_9964_test 1543351840.0953114 0.64165600532418 57.72 -25.29 7.191884135160206e-06 130.0 2388071459.936874 0.06569834636793996 9943243.301091354 0.18956855593771638
3.085759570818494 1.5549661904793082 3.25357148333e-09 1.7018356794221368e-15 mm13reg_8158_test 923434107.7011085 0.3972539931958935 87.09 -25.47 2.0371627946582355e-05 364.0 2778293533.7558103 0.07713000360399391 23404163.34900032 0.22585221220715243
2.0004789353433807 -1.4263703311923657 1.41257006987e-09 1.1326200623257941e-15 mm13reg_5639_test 2089056256.072347 0.5402961715720895 169.5 -25.21 4.43944763746962e-06 3694.0 2546455207.9387035 0.06403910628760358 6003245.182649416 0.2040777245057163
3.2350724883266095 1.4429509590863119 1.41257006987e-09 1.382640639054963e-15 mm13reg_5286_test 1645601426.9777477 0.6338742000359012 127.84 -25.12 5.887624756315977e-06 1614.0 2504061188.1941485 0.06044028126637033 8935013.525824033 0.20016556800266536
4.322936211094675 1.423211285246256 1.41257006987e-09 1.4198133270154318e-15 mm13reg_5777_test 1953857944.6495216 0.4610440794289044 163.01 -26.03 9.033124645199066e-06 1345.0 3149603705.4611497 0.1151735710010346 6711423.813452761 0.2621350948305611
4.32764860007506 -1.4827968259093425 1.41257006987e-09 1.359028142540541e-15 mm13reg_6458_test 2162909911.6390724 0.9587242553836145 187.1 -26.04 9.02741524168478e-06 1668.0 2899351915.608461 0.1126272068239891 5665508.842645714 0.23748560236082106
0.5738817113482555 1.235204418221427 2.22666891901e-09 1.9366065636972995e-15 mm13reg_2362_test 825467689.9159228 0.6242795242914432 48.94 -25.22 1.9099720840862923e-05 73.0 2477627331.3890505 0.06380558436791181 28214314.83072252 0.19773685586184103
2.7215791690973576 1.3765935409254877 2.06402382425e-09 1.189248986528004e-15 mm13reg_198_test 1330179097.8148878 0.2928930142324679 164.33 -25.39 1.0947202285697257e-05 2706.0 2724333199.6038637 0.07297096337356303 12738533.724945981 0.22072581783302395
4.841997130637789 -1.345666306580148 4.75406438146e-09 2.6608635242372312e-15 mm13reg_1866_test 1610448153.4627588 0.5142736431362591 181.27 -25.5 5.616920300591361e-06 3779.0 2577245608.613553 0.07651534735082521 9262432.586648604 0.20693236553599795
3.470587217590724 -0.2859721979392709 4.4068078831e-09 6.735735057824635e-15 mm13reg_2476_test 1115808616.8434534 0.7409835925540902 36.13 -25.1 9.920426265762127e-06 40.0 2438397623.090283 0.05920401208272405 17073404.179842938 0.1941474110077292
4.805816455243947 -1.3366255010548174 1.41257006987e-09 1.3640851432647718e-15 mm13reg_8539_test 1122622127.8600864 0.7461385755972051 81.25 -25.36 1.2796055095518767e-05 326.0 2404557772.2889676 0.0686727278751296 16901048.2888789 0.19106535605010655
3.085759570818494 1.5549661904793082 2.79562213592e-09 1.822324710967729e-15 mm13reg_2285_test 1036031663.2036767 0.43823054576274256 87.09 -25.47 1.7257924953250288e-05 364.0 2691785741.4464846 0.07625231976502875 19320332.318849206 0.21765103126306165
4.272531102297079 1.0120117134763922 2.52212010843e-08 1.2163593795612356e-15 mm13reg_9099_test 297955894.96460456 0.5024323978726283 69.01 -25.07 0.00010270569540800986 306.0 3118841674.52959 0.0642613374520798 154187678.41617712 0.2590602007359418
1.8458078570316432 -1.3866815440020146 1.41257006987e-09 1.360761101880647e-15 mm13reg_7357_test 1808807378.6557484 0.47492946072157316 172.6 -25.52 6.293303432891431e-06 2314.0 2616158719.4840403 0.07785688922963205 7632188.7948696725 0.21055617723003542
4.451671696721777 -1.4320950111389072 1.41257006987e-09 1.1312551663539307e-15 mm13reg_1169_test 1750101051.6358976 0.8853776577256769 186.66 -25.95 8.792548131411052e-06 2271.0 2869192172.70446 0.10572844527152017 8063639.373800877 0.23456999463208103
4.835853571670769 -1.346678597546305 1.41257006987e-09 1.2073193936398738e-15 mm13reg_245_test 1928238042.7362523 0.42095862607562334 179.56 -26.1 8.69433718492652e-06 1373.0 3302878264.5036364 0.1227943207637628 6860702.090520269 0.27764970908931325
4.805816455243947 -1.3366255010548174 2.40213044861e-09 1.4302668321051298e-15 mm13reg_3505_test 904031108.5168774 0.8012565037802983 81.25 -25.36 1.7453192434530432e-05 326.0 2436709610.3401613 0.0689651307523095 24247335.096776593 0.1939933611716658
4.322936211094675 1.423211285246256 2.22666891901e-09 1.007042820490864e-15 mm13reg_4385_test 1152954165.1700556 0.4250643440486294 163.01 -26.03 2.209311103162621e-05 1345.0 3543493747.319899 0.12076690565789333 16166508.518652849 0.30267914804427637
5.749079649484282 -1.224749896001981 2.22666891901e-09 1.0586182392650782e-15 mm13reg_1996_test 1051598190.4353924 0.5917454486291144 129.49 -25.29 1.4868569957032309e-05 1640.0 2426051442.7617984 0.0660342134326277 18846031.943402577 0.19302142942844758
3.3785909127181033 0.4724257219298251 5.53282509203e-09 5.178129230368203e-15 mm13reg_3047_test 1807575157.311665 0.35201254260524273 119.5 -26.15 1.1552569381976106e-05 382.0 3528073103.810021 0.13030665043066295 7640862.185071432 0.3010495672612243
6.277844599668484 1.4518172316864433 4.4068078831e-09 1.0463975380922814e-15 mm13reg_2416_test 923622828.9563591 0.6495333445426001 171.4 -25.36 1.684518164230941e-05 3059.0 2478891845.088892 0.06935192239069511 23396193.713719886 0.19785285864443325
1.3944657124659097 -1.3566269742826724 1.41257006987e-09 3.1312132113336976e-15 mm13reg_6044_test 1755844732.3106823 0.5214540817290789 73.26 -25.72 7.652931059444873e-06 140.0 2763391422.5848227 0.08993036634766416 8019724.661497956 0.22443287223453584
1.974525889366225 -1.4673332087366728 2.59141834822e-09 2.6730580138827758e-15 mm13reg_7710_test 1187839805.9164944 0.8736704087091649 72.03 -25.03 9.459553767689418e-06 377.0 2452685920.049892 0.057017061162414076 15382957.785603756 0.1954527070412642
3.4595218301330806 -0.7521670944394762 8.72152817724e-09 9.52423272701245e-15 mm13reg_2791_test 1458130654.3167152 0.9845903597231842 63.5 -25.91 1.1618528834300057e-05 59.0 2861086586.0561266 0.10288720444098554 10930555.641626745 0.23378838447521638
4.3307378328510895 1.4405598580110797 1.41257006987e-09 1.2412300815969675e-15 mm13reg_8723_test 1505628556.0186975 0.8106434599633523 105.83 -26.13 1.431162544579696e-05 267.0 3214291490.8669615 0.12397843323461923 10361912.039239844 0.2686432069494603
4.835853571670769 -1.346678597546305 2.06402382425e-09 1.7948304290890715e-15 mm13reg_9344_test 1772009320.033874 0.6223780876188632 179.56 -26.1 1.1417088957879182e-05 1373.0 3170068072.773959 0.12091373543159141 7898166.839780989 0.26418777954292194
1.50203035426632 1.319835433650632 1.41257006987e-09 1.2887181545694875e-15 mm13reg_7659_test 1374774933.2315788 0.3650356373024587 109.13 -25.05 7.1930850896961885e-06 1236.0 2696566676.4018607 0.05971916966042452 12057306.425955115 0.2181018787468661
